1187.752249
1290.341057
1401.443970
1233.749879
1490.499117
1453.435529
879.938582
1379.972203
1082.652963
1087.136141
1572.951616
1660.168314
1111.350024
1374.752687
1377.124175
1185.856078
1321.285872
1110.413253
1449.558142
1147.260677
1212.582829
1407.881832
1235.684882
1160.682903
1238.808497
1382.902002
1128.209757
1372.219174
1345.802895
1511.319408
1188.717681
1206.336825
1068.907942
1314.320022
1475.195806
1192.707127
1072.842208
1304.948227
1258.691586
1134.275953
1299.654824
1160.478102
1031.161717
1201.203669
1171.448229
1207.554518
1534.779285
1144.311208
1193.437630
1408.936230
1059.844129
1357.955806
1191.290347
1296.291066
1190.712230
1272.718786
1212.238118
1555.138888
1212.889266
1310.187192
1178.874141
1161.914226
1386.583784
1118.240139
1312.235782
1308.558702
1134.401803
1370.983389
1320.747960
1182.409630
1126.717549
1353.924338
1172.370667
1156.562909
887.124147
1291.381508
1190.314605
1172.021331
977.936668
1227.307220
1288.146652
1169.857573
1147.263104
1162.048602
1202.374090
1298.363379
974.412963
991.554002
1197.106294
1245.327207
1086.796035
1473.131866
1243.122636
1310.621422
1140.852988
1036.127441
1069.394272
1247.456746
1408.430294
1196.588731
